const API = {
  BASE_API: 'http://test.pointouch.net:20000/nr/apis/',
  DATA_API: 'https://3d-api.southsmart.com/mapserver'
};
const luminance = 0.6;
const lighting = 0.6;
const MAP_CONFIG = {
  home: {
    lng: 120.12026693491518,
    lat: 29.321970775456425,
    alt: 343.8580555045088,
    heading: 318.423050213139,
    pitch: -14.271543927404885,
    roll: 359.8876154314682
  },
  showDarkCorner: true,  // 是否开启暗角
  underground: {  // 地下模式，far高度以上不开启，far-near之间透明度为alpha，near高度以下不显示地球
    alpha: 0,
    far: 300,
    near: 50,
  },
  layers: [{
    name: '倾斜',
    type: 'IMAGEMODEL',
    id: '123456789',
    url: '/manager/visit/yiwuyaping2/2005db48ab6e4dbeb361d1705f261b93/data/layer',
    // isZoom: true
  }],

  campus: [{
    id: '3',
    name: '滨江一品',
    // 小区楼幢图层
    buildings: [{
      name: '12幢',
      type: 'MODEL',
      id: '1624',
      url: '/rest/seaweedfs/xiugaiqinglianghuagongjuceshi0927/64f2d7f8125f4e398b48dd3a68d21686/data/layer',
      matrix: [0.9961692268806004, 0.08685749787911107, 0.010131459830165362, 0, -0.08744209589937502, 0.9882636870939526, 0.1252547988549511, 0, 0.0008667645784891931, -0.12566089222049182, 0.9920728747856788, 0, -34982.495968745556, -19030.64014772512, -5311.256150056608, 1],
      luminance,
      lighting,
      point: {
        lng: 120.11286999084638,
        lat: 29.328948026263006,
        alt: 188
      }
    }, {
      name: '10幢',
      type: 'MODEL',
      id: '1622',
      url: '/rest/seaweedfs/20923/9792039545ac40fd8365e472322f23b2/data/layer',
      matrix: [0.9958443172957322, 0.09103220107363774, 0.002689624042868738, 0, -0.0906644630932974, 0.9881658593910765, 0.12372626829378247, 0, 0.008605279879650096, -0.12345595450033969, 0.9923127412547971, 0, -37463.22371874424, -14408.265444838442, -14672.273203861434, 1.0000000000000002],
      luminance,
      lighting,
      point: {
        lng: 120.1129403068157,
        lat: 29.32943806871106,
        alt: 192
      }
      // isZoom: true
    }, {
      name: '1#2#裙楼',
      type: 'MODEL',
      id: '1621',
      url: '/rest/seaweedfs/12qunlou/27d93844763248bcb1c95180024df506/data/layer',
      matrix: [0.9961657936375906, 0.08700260735082005, 0.009179210235750551, 0, -0.08746364858574346, 0.9880753940086463, 0.12671671527755146, 0, 0.001954932853700936, -0.12703370445996437, 0.9918964745217723, 0, -37558.310843796935, -14312.656865118071, -14919.778363251593, 1],
      luminance,
      lighting,
      // isZoom: true
    }, {
      name: '8幢',
      type: 'MODEL',
      id: '1631',
      url: '/rest/seaweedfs/3dongqiege/880c86f52e4a492aa2cd49bbc907a377/data/layer',
      matrix: [0.9950962917261195, 0.10623084492658807, 0.010480133188465801, 0, -0.10669913833623751, 0.9869209416728582, 0.12733343700066418, 0, 0.003181113605154773, -0.12772438250499074, 0.9926166521081996, 0, 60977.01257418096, 37752.82858699653, -17002.353603408206, 1],
      luminance,
      lighting,
      point: {
        lng: 120.11290642791421,
        lat: 29.32993996575219,
        alt: 192
      }
      // isZoom: true
    }, {
      name: '11幢',
      type: 'MODEL',
      id: '1623',
      url: '/rest/seaweedfs/4dong/46096b622aab4ebfbd2f9426c51d20eb/data/layer',
      matrix: [0.9955915297694312, 0.10169922841649709, 0.008138071232977773, 0, -0.10191118204407101, 0.9875602491037535, 0.12629457936528254, 0, 0.0048033569806770204, -0.126465318337332, 0.9927713263547129, 0, 32303.508062142413, 20890.665613983758, -17233.74840780627, 1],
      luminance,
      lighting,
      point: {
        lng: 120.11144809801554,
        lat: 29.32900789412927,
        alt: 186
      }
      // isZoom: true
    }, {
      name: '9幢',
      type: 'MODEL',
      id: '1632',
      url: '/rest/seaweedfs/9chuangqinglianghua/f20fa8a5716045c392ca7208e085f30e/data/layer',
      matrix: [0.9948377935622956, 0.10861535508475578, 0.010579440082303604, 0, -0.10908284568966864, 0.986896974802564, 0.1254860522700899, 0, 0.0031863284335146014, -0.12589090983029905, 0.9928508354963271, 0, 73381.18537819013, 38910.131280890666, -7405.668514456134, 0.9999999999999998],
      luminance,
      lighting,
      point: {
        lng: 120.11132800567142,
        lat: 29.32953335742575,
        alt: 192
      }
      // isZoom: true
    }, {
      name: '7幢',
      type: 'MODEL',
      id: '1630',
      url: '/rest/seaweedfs/6dong/3305a1264439458a89babe5061dd6d50/data/layer',
      matrix: [0.9824439509364485, 0.10488015267342504, 0.010346881544655767, 0, -0.10534249187757894, 0.9743725479241006, 0.12571443183277486, 0, 0.0031406667320653114, -0.12610040658623778, 0.9799958391673835, 0, 24831.184815115295, 98551.3622104451, 22712.912782372907, 1],
      luminance,
      lighting,
      point: {
        lng: 120.11139135470903,
        lat: 29.33004116239781,
        alt: 192
      }
      // isZoom: true
    }, {
      name: '3幢',
      type: 'MODEL',
      id: '1629',
      url: '/rest/seaweedfs/7dong/f80d839e0ba046b398eb9249e9e8219e/data/layer',
      matrix: [0.9959961814579117, 0.0892135812675311, 0.005704685678855348, 0, -0.08923536955996836, 0.988361335580741, 0.12320275625392307, 0, 0.005353068350821305, -0.12321853450877174, 0.9923651230332301, 0, -36732.1828911826, -20263.29594881367, -4944.134511855897, 1.0000000000000002],
      luminance,
      lighting,
      point: {
        lng: 120.11275037033813,
        lat: 29.330531701119625,
        alt: 200
      }
      // isZoom: true
    }, {
      name: '5幢',
      type: 'MODEL',
      id: '1628',
      url: '/rest/seaweedfs/8dong/663877d4e255459eabc5f79f8927818c/data/layer',
      matrix: [0.9959961814579115, 0.08921358126753132, 0.005704685678855348, 0, -0.08923536955996841, 0.9883613355807408, 0.12320275625392307, 0, 0.005353068350821277, -0.12321853450877168, 0.99236512303323, 0, -36642.591268040705, -20222.08521274198, -4941.465890727006, 1.0000000000000002],
      luminance,
      lighting,
      point: {
        lng: 120.11162794349059,
        lat: 29.330574517794766,
        alt: 200
      }
      // isZoom: true
    }, {
      name: '6幢',
      type: 'MODEL',
      id: '1627',
      url: '/rest/seaweedfs/3chuang/63ac7debbb2e43af8bc3051e04ee2015/data/layer',
      matrix: [0.9964016535183172, 0.08447446263041458, 0.0069144796824222865, 0, -0.08467971465564283, 0.9886926875702168, 0.12375829455448195, 0, 0.003618119928182839, -0.1238984854971914, 0.9922883021076598, 0, -56136.876622282434, -31288.686378386803, -4917.567750625778, 1],
      luminance,
      lighting,
      point: {
        lng: 120.11283727769154,
        lat: 29.33116954307303,
        alt: 192
      }
      // isZoom: true
    }, {
      name: '2幢',
      type: 'MODEL',
      id: '1626',
      url: '/rest/seaweedfs/10dong/0563c2d9d948444185bfb0aebc7866a6/data/layer',
      matrix: [0.9956156565126799, 0.09993582822587044, 0.019332618968326498, 0, -0.10161413201950481, 0.9869423560354728, 0.13126617785863198, 0, -0.005957188371006034, -0.13254837423559995, 0.9919712172269686, 0, 57405.94484712649, 35113.23995482735, -16226.227860078216, 1],
      luminance,
      lighting,
      point: {
        lng: 120.11218387382439,
        lat: 29.33122801201059,
        alt: 192
      }
      // isZoom: true
    }, {
      name: '1幢',
      type: 'MODEL',
      id: '1625',
      url: '/rest/seaweedfs/1zhuang/4e16d75bcdfe4083a8c6c40289a1db33/data/layer',
      matrix: [0.9964016535183178, 0.08447446263041464, 0.006914479682422342, 0, -0.08467971465564234, 0.9886926875702173, 0.12375829455448228, 0, 0.003618119928182839, -0.12389848549719135, 0.9922883021076605, 0, -56017.6437977883, -31231.669957613572, -4913.1740652136505, 1],
      luminance,
      lighting,
      point: {
        lng: 120.11151396423914,
        lat: 29.331239648516597,
        alt: 218
      }
      // isZoom: true
    }, {
      name: '7#9#裙楼',
      type: 'MODEL',
      id: '14',
      url: '/rest/seaweedfs/qunlou/cd73d50e168a4d0f9aeed459a5a5b811/data/layer',
      matrix: [0.995996181457911, 0.0892135812675311, 0.0057046856788554035, 0, -0.08923536955996836, 0.9883613355807406, 0.12320275625392263, 0, 0.005353068350821416, -0.1232185345087718, 0.9923651230332295, 0, -36728.15638967464, -20309.31555653084, -4885.002007598523, 1],
      luminance,
      lighting,
      // isZoom: true
    }],
    // 小区楼幢单体图层
    monomers: [{
      name: '2',
      type: 'MODEL',
      id: '2',
      url: '/rest/seaweedfs/0926pn/42530c567bb94ec09137b8038eae67e6/data/layer',
      // isZoom: true
    }, {
      name: '7911',
      type: 'MODEL',
      id: '7911',
      url: '/rest/seaweedfs/sp0926/45383fd479264267aa908974cc5d2632/data/layer',
    }, {
      name: '15',
      type: 'MODEL',
      id: '15',
      url: '/rest/seaweedfs/tzk0926/4140d9c8c64a4c669d59cc3981598213/data/layer',
    }, {
      name: '36',
      type: 'MODEL',
      id: '36',
      url: '/rest/seaweedfs/xq0926/708b2597b38b4c2fbe8c978db76b2744/data/layer',
    }, {
      name: '81012',
      type: 'MODEL',
      id: '81012',
      url: '/rest/seaweedfs/0926qinglianghua/133b9ef2093d4adb98c4a9d00caa3df6/data/layer',
    }]
  }],

  // 其他单体图层
  monomers: [{
    name: 'PN01-ZHT轻量化1',
    type: 'MODEL',
    id: '111',
    url: '/rest/seaweedfs/pn01zhtqinglianghua1/9e4f7f6aaa414857b1c80f3abe447520/data/layer',
    // isZoom: true
  }, {
    name: 'sjf轻量化1',
    type: 'MODEL',
    id: '222',
    url: '/rest/seaweedfs/sjfqinglianghua1/1c9bcc3b0f584060a62a24f7fa7b8266/data/layer',
  // }, {
  //   name: '15',
  //   type: 'MODEL',
  //   id: '333',
  //   url: '/rest/seaweedfs/zhtph2/7de76f3b6eb24399a3de11e7707e8fee/data/layer',
  // }, {
  //   name: '36',
  //   type: 'MODEL',
  //   id: '4444',
  //   url: '/rest/seaweedfs/ywbzc10/0c45d59c1c79475e8323acd1d95dd50d/data/layer',
  // }, {
  //   name: '81012',
  //   type: 'MODEL',
  //   id: '5555',
  //   url: '/rest/seaweedfs/ywbzc01qinglianghua/72e150bdc29a4d0f8d6c674fdaf4eb76/data/layer',
  // }, {
  //   name: '81012',
  //   type: 'MODEL',
  //   id: '5555',
  //   url: '/rest/seaweedfs/wxpzhtqinglianghua/b1fe18d6609947c7b87c8e80d893d504/data/layer',
  }],

  // 车库图层
  parkinglot: [{
    name: '地下车库',
    type: 'MODEL',
    id: '3-123456',
    url: '/rest/seaweedfs/bdixiashi/d85abc13d9c4460dac65cc171fd7d9c4/data/layer',
    offsetMatrix: [0.9948856945608772, -0.007684036550010653, -0.100714499156872, 0, -0.0008486844799597324, 0.9964310440003628, -0.084406482493952, 0, 0.10100363603739655, 0.08406027679377731, 0.9913284699697569, 0, 688935.2742889478, 716443.0960106694, -78028.71584335342, 1],
    luminance,
    lighting,
  }],
}
const GLOBAL_CONFIG = {
  API,
  MAP_CONFIG
}
window.$CONFIG = GLOBAL_CONFIG;
